x = [
    1.8, 3.9, 6.2, 7.5, 10.4, 12.0, 14.1, 16.4, 18.1, 20.1,
    22.5, 24.2, 25.5, 28.1, 30.0, 32.2, 34.0, 35.6, 37.8, 39.8,
    42.5, 43.9, 46.3, 47.5, 49.6, 52.5, 53.8, 55.5, 57.5, 59.9,
    62.2, 63.7, 66.4, 68.0, 70.5, 71.9, 74.5, 76.2, 77.8, 79.9,
    81.7, 83.6, 85.5, 87.8, 89.6, 92.2, 93.5, 96.5, 98.1, 99.8
]

y = [
    76.55, 64.97, 70.17, 108.98, 112.16, 120.32, 112.91, 161.8, 166.22, 135.98,
    176.555, 201.93, 155.15, 202.43, 212.12, 210.66, 222.74, 213.96, 279.5, 226.6,
    297.98, 290.52, 322.375, 277.76, 279.76, 351.98, 291.0, 294.485, 334.63, 364.61,
    362.33, 374.5, 344.08, 415.84, 423.755, 384.57, 423.215, 431.63, 445.0, 483.275,
    464.5, 485.48, 512.675, 489.05, 546.28, 578.7, 461.15, 595.965, 507.71, 561.55
]
