x = [
    2.8, 6.5, 9.3, 11.6, 15.5, 17.7, 21.5, 24.0, 26.8, 30.3,
    33.2, 35.8, 38.5, 41.8, 45.5, 48.1, 50.7, 53.8, 57.0, 59.7,
    62.7, 65.5, 68.7, 71.5, 75.5, 78.2, 80.9, 84.0, 87.5, 90.5,
    93.1, 95.8, 98.5, 102.3, 105.5, 107.6, 111.5, 114.3, 117.5, 120.4,
    122.8, 125.7, 129.1, 132.4, 135.2, 138.1, 140.6, 144.1, 146.6, 150.2
]

y = [
    121.676, 173.6, 189.44, 273.644, 296.0, 292.832, 358.64, 442.82, 479.444, 416.24,
    563.156, 558.788, 592.16, 661.412, 716.48, 639.968, 775.688, 815.492, 847.64, 900.512,
    766.16, 846.2, 841.304, 946.64, 904.4, 1117.304, 1163.456, 1044.92, 1084.4, 1079.36,
    1267.016, 1246.004, 1194.56, 1481.36, 1435.04, 1371.176, 1293.2, 1449.968, 1601.0, 1571.348,
    1499.42, 1652.768, 1694.384, 1806.728, 1567.484, 1617.824, 1930.004, 1781.024, 1829.816, 2053.268
]
